// don't know what the rest of this is...

Masks = {}

Masks[:cross] = [
[[0,1],[0,1]],
[[0,2],[0,2]],
[[0,4],[0,4]],
[[0,5],[0,5]]
]
Masks[:face] = [
*Masks[:cross],
[[0,1,2],[0,1,2]],
[[0,2,4],[0,2,4]],
[[0,4,5],[0,4,5]],
[[0,1,5],[0,1,5]]
]
Masks[:f2l] = [
*Masks[:face],
[[1,2],[1,2]],
[[2,4],[2,4]],
[[4,5],[4,5]],
[[1,5],[1,5]]
]
Masks[:solved] = [
*Masks[:f2l],
[[1,3],[1,3]],
[[2,3],[2,3]],
[[4,3],[4,3]],
[[5,3],[5,3]],
[[1,2,3],[1,2,3]],
[[1,3,5],[1,3,5]],
[[2,3,4],[2,3,4]],
[[3,4,5],[3,4,5]]
]